atomicorbitalparameters
{'C2S2': (0.2222899, 0.700115), 'C3P0': (2.9412494, 0.155916), 'C1S1': (13.045096, 0.535328), 'H1S0': (3.42525091, 0.154329), 'H1S1': (0.62391373, 0.535328), 'C1S0': (71.616837, 0.154329), 'C1S2': (3.5305122, 0.444635), 'C3P1': (0.6834831, 0.607684), 'C2S0': (2.9412494, -0.099967), 'C3P2': (0.2222899, 0.391957), 'H1S2': (0.1688554, 0.444635), 'C2S1': (0.6834831, 0.399513)}
atomicorbitallist
['1Hs', '2Cs', '2Cs', '2Cpx', '2Cpy', '2Cpz', '3Cs', '3Cs', '3Cpx', '3Cpy', '3Cpz', '4Hs', '5Cs', '5Cs', '5Cpx', '5Cpy', '5Cpz', '6Hs', '7Cs', '7Cs', '7Cpx', '7Cpy', '7Cpz', '8Hs', '9Cs', '9Cs', '9Cpx', '9Cpy', '9Cpz', '10Hs', '11Cs', '11Cs', '11Cpx', '11Cpy', '11Cpz', '12Hs']
molecularorbitalparameters
[[0, 0, 0, 0, 0, 0, 0, 0, 0, 0, 0, 0, 0, 0, 0, 0, 0, 0, 0, 0, 0, 0, 0, 0, 0, 0, 0, 0, 0, 0, 0, 0, 0, 0, 0, 0], [0, 0, 0, 0, 0, 0, 0, 0, 0, 0, 0, 0, 0, 0, 0, 0, 0, 0, 0, 0, 0, 0, 0, 0, 0, 0, 0, 0, 0, 0, 0, 0, 0, 0, 0, 0], [0, 0, 0, 0, 0, 0, 0, 0, 0, 0, 0, 0, 0, 0, 0, 0, 0, 0, 0, 0, 0, 0, 0, 0, 0, 0, 0, 0, 0, 0, 0, 0, 0, 0, 0, 0], [0, 0, 0, 0, 0, 0, 0, 0, 0, 0, 0, 0, 0, 0, 0, 0, 0, 0, 0, 0, 0, 0, 0, 0, 0, 0, 0, 0, 0, 0, 0, 0, 0, 0, 0, 0], [0, 0, 0, 0, 0, 0, 0, 0, 0, 0, 0, 0, 0, 0, 0, 0, 0, 0, 0, 0, 0, 0, 0, 0, 0, 0, 0, 0, 0, 0, 0, 0, 0, 0, 0, 0], [0, '0.990283', 0, 0, 0, 0, 0, 0, 0, 0, 0, 0, 0, 0, 0, 0, 0, 0, '0.991230', 0, 0, 0, 0, 0, 0, 0, 0, 0, 0, 0, '0.988607', 0, 0, 0, 0, 0], [0, '0.159348', '0.313421', 0, 0, '0.199323', '0.159347', '0.293432', '-0.165101', 0, '0.159894', 0, 0, '0.258808', '-0.191348', 0, 0, 0, 0, '0.184617', 0, '0.152165', '-0.200180', 0, 0, '0.240862', '0.165020', 0, '-0.159667', 0, 0, '0.298787', '0.191401', 0, 0, 0], ['-0.154801', '-0.154408', '0.157105', 0, '-0.150611', '0.181694', 0, '0.321841', 0, 0, '-0.161973', 0, 0, '0.357842', '-0.164755', 0, '0.151222', 0, '0.160338', '-0.156495', 0, '-0.167756', '-0.181700', 0, '0.150662', '-0.335006', 0, 0, '-0.161434', 0, 0, '-0.361890', '0.164791', 0, '0.164556', 0], [0, '-0.151865', '0.398477', '-0.165505', 0, 0, '-0.155820', '0.186743', 0, 0, '-0.155162', 0, '-0.153238', '-0.314544', 0, 0, '0.257377', '0.160580', '0.155593', '-0.328169', '-0.196781', 0, 0, 0, '-0.154048', '-0.249727', 0, 0, 0, '0.150726', '-0.152768', '0.154967', 0, 0, '0.257311', '0.166150'], [0, '-0.153232', '0.213538', '0.207716', 0, '0.159246', 0, '-0.259531', '0.174957', '-0.154383', '-0.165647', '-0.155076', '0.211256', '0.299411', '-0.150922', 0, '-0.153202', '0.150385', '0.153122', '-0.178602', '0.191596', 0, '-0.183086', '0.162438', 0, '-0.275261', '0.175027', '0.152435', '0.161205', '-0.194967', '-0.211326', '0.344918', '0.162739', '0.150603', '-0.150404', '0.180535'], ['0.166115', 0, '0.304620', '-0.179594', '0.199265', '-0.158789', 0, '-0.301478', '0.166943', '0.246811', '-0.170944', '-0.195375', 0, '-0.163267', '-0.150272', '0.207873', '-0.178292', '0.215087', 0, '0.352096', '0.194646', '0.197169', '-0.157764', 0, 0, '-0.160871', '-0.184326', '-0.169689', 0, '0.152182', 0, '-0.163687', '-0.165628', '0.209662', '0.158771', '0.215742'], ['0.304518', 0, '0.151087', '-0.251324', 0, '0.342048', 0, '-0.150559', '-0.150006', '0.167047', '0.179427', '0.225994', '-0.172744', '0.175535', '-0.152077', '0.181032', '-0.151446', '0.165763', 0, '-0.154183', '0.172099', 0, '-0.151824', '0.215639', 0, '0.153174', '0.161723', '0.167616', '-0.167597', '0.203054', '-0.172326', '-0.150080', '0.173003', '0.230549', '-0.227111', '0.173321'], ['-0.166301', 0, '-0.183558', '-0.171983', '0.158859', '0.153478', '-0.187947', '0.165085', '-0.215920', '0.173278', '-0.153857', '0.285957', 0, '0.246775', '0.189768', '-0.166866', '-0.223988', '-0.173602', 0, '0.336859', '0.199450', '0.198560', '-0.170678', '-0.194913', '-0.187964', '-0.190362', '-0.242492', '0.183306', '0.211026', '-0.226818', 0, '0.164026', '0.155214', '0.184455', '-0.171103', '0.247823'], ['-0.169993', 0, '-0.203332', '-0.150078', 0, '-0.164177', 0, 0, '-0.177903', '0.189093', '0.167681', '0.151122', 0, '-0.237052', '0.150699', '0.471410', '-0.156019', '-0.359091', 0, '0.159608', '-0.180711', 0, '0.159900', '0.302439', 0, '-0.151311', '-0.157857', '-0.156345', '-0.155125', '-0.197949', 0, 0, '0.152319', '0.158852', '0.158104', '0.173735'], ['-0.159852', 0, '-0.249641', '-0.198947', '0.190664', '0.150747', 0, '-0.196794', '-0.163784', 0, '0.318501', '0.152729', 0, 0, '0.163916', '-0.151983', '-0.311563', '0.177008', 0, '-0.173067', '-0.202035', '0.229582', '0.197769', '0.154943', 0, '-0.154911', '-0.175999', '0.177423', '0.325753', '-0.197942', 0, 0, '0.166178', '-0.175334', '-0.299842', '0.212185'], ['-0.274174', 0, '-0.158601', '-0.263928', '-0.154988', '-0.155732', 0, '0.205313', '0.334869', '-0.169309', '-0.164248', '-0.221805', 0, 0, '0.230837', '-0.166092', '0.158035', '0.168078', 0, '0.315396', '-0.150868', '-0.229481', '-0.190918', '-0.195482', 0, 0, '0.201144', '-0.170157', '-0.162377', '0.153349', 0, 0, '0.298340', '0.162686', '0.156915', '0.283278'], ['0.367394', 0, '0.326134', '0.153377', '0.151659', '0.357415', 0, '-0.233518', '-0.218529', '-0.165411', '-0.313831', '-0.169386', 0, 0, '0.216170', '0.151972', '0.306012', '-0.150157', 0, '-0.155384', '-0.155678', '0.233106', '0.158455', '-0.151977', 0, 0, '-0.191015', '0.153332', '0.183247', '0.179722', 0, '0.238591', '0.166352', '0.211281', '-0.212436', '0.186644'], ['0.221294', 0, '-0.178385', '0.273712', '-0.150734', '0.157694', 0, '0.197874', '-0.150695', '-0.196881', '-0.174317', '0.155433', 0, '0.168823', '0.306946', '-0.152425', '0.165088', '-0.257687', 0, 0, '-0.304972', 0, 0, '-0.150656', 0, '0.313016', '0.325695', '0.152821', '0.155877', '0.225402', 0, '-0.260297', '-0.152216', '-0.254663', '0.192867', '-0.161590'], ['0.191079', 0, '0.200011', '0.150352', '0.405195', '0.191756', 0, '-0.260585', '-0.196249', '-0.216885', '-0.164013', '0.161119', 0, '0.263742', '0.229952', '-0.156122', '0.164929', '-0.151408', 0, '-0.191223', '-0.255191', '0.210428', '0.235533', '-0.214457', 0, '0.184812', '0.181161', '0.285459', 0, '0.181726', 0, '0.150605', '-0.286454', '0.265005', '-0.188389', '-0.163478'], ['0.215612', 0, '0.151788', '-0.181381', '0.343423', '0.304123', 0, '-0.230363', '-0.222832', '0.428560', '-0.150017', '-0.218312', 0, '0.225059', '0.265430', '0.225869', '0.212418', '-0.150230', 0, '0.150468', '-0.347009', '-0.310180', '0.159263', '0.320264', 0, '-0.251027', '0.150525', '-0.455244', '0.268558', '-0.274866', 0, '-0.178880', '0.244747', '-0.152840', '-0.247126', '-0.252101'], ['-0.151290', 0, '-0.262625', '-0.344398', '0.185753', '-0.218827', 0, 0, '0.150338', '-0.174068', '0.195868', 0, 0, '-0.150164', '-0.150004', '-0.242066', '0.212272', '-0.270725', '-0.150022', '-0.602425', '0.154699', '-0.150526', '0.662892', '0.152423', 0, '-0.150127', '0.180334', '0.150089', '0.215850', '-0.285787', 0, '0.162006', '-0.160669', '0.284612', '-0.150421', '0.282178'], ['-0.158324', 0, '0.448906', '0.251441', '0.154174', '-0.195367', 0, '-0.152077', '-0.187411', '0.418054', '-0.159964', 0, 0, '-0.278226', 0, '0.238599', '-0.185481', '0.207404', 0, '-0.162594', '-0.150702', '0.600516', '0.158751', '-0.220448', 0, '0.262736', '0.164929', '0.183654', '0.227975', '0.152392', 0, '-0.170188', '0.211203', '-0.377969', '0.355862', 0], ['-0.210599', 0, '-0.182428', '-0.247594', '0.537861', '-0.194565', 0, '-0.170518', '0.267179', '-0.498383', '-0.293127', 0, 0, '-0.156814', '-0.198687', '-0.339060', '-0.219601', 0, 0, '0.157277', '-0.150093', '0.548725', '-0.212361', '0.316714', 0, '0.175210', '0.151876', '-0.356313', '0.238541', '0.154461', 0, '0.227452', '0.150802', '-0.154473', '0.160810', 0], ['-0.223249', 0, '0.211418', '-0.216712', '0.473300', '-0.214807', 0, '-0.279221', '0.208837', '-0.258519', '0.198509', '0.187969', 0, '-0.236004', '0.274079', '0.211903', '-0.158866', '1.114920', 0, '0.466587', '0.210474', '-0.388272', '0.816234', '0.237065', 0, 0, '-0.207428', '0.551010', '-0.293360', '1.114751', 0, '0.171927', '0.335188', '-0.452902', '0.241294', '1.114829'], ['0.698832', 0, '-0.312652', '-0.216924', '-0.250063', '-0.491901', 0, '-0.332685', '0.268760', '0.173391', '-0.425663', '0.694522', 0, '-0.250734', '0.273441', '0.216140', '-0.262157', '0.323247', 0, '-0.313465', '-0.227855', '-0.462892', '-0.214403', '0.202191', 0, '-0.325462', '0.221145', '-0.306958', '-0.208730', '0.285568', 0, '-0.333460', '-0.254583', '-0.265473', '-0.201761', '0.483141'], ['0.358387', 0, '0.283570', '-0.341013', '-0.304344', '-0.254941', 0, '-0.473822', '-0.280574', '-0.277163', '-0.202987', '0.354882', 0, '0.473545', '0.611637', '0.333662', '-0.279995', '-0.252056', 0, '0.338498', '0.440389', '0.325101', '-0.322305', '-0.276845', 0, '-0.294890', '0.318484', '-0.288468', '0.415065', '-0.434800', 0, '0.474659', '-0.292871', '-0.315287', '-0.312588', '-0.534720'], ['-0.273425', 0, '-0.298408', '0.347438', '0.280788', '-0.321395', 0, '0.765649', '-0.345369', 0, '-0.388000', '-0.217934', 0, '0.267515', '-0.383548', '-0.280374', '-0.759502', '-0.326179', 0, '-0.358730', '-0.282905', '-0.375163', '0.281663', '0.253635', 0, '0.736991', '0.232876', '0.319844', '-0.218719', '-0.692416', 0, '-0.232518', '0.318629', '0.222225', '-0.259167', '-0.243404'], ['-0.425234', 0, '0.871370', '0.338404', '0.251706', '0.349601', 0, '-0.480371', '0.472321', 0, '-0.350527', '0.419198', 0, '-0.377930', '-0.362430', '0.524940', '0.336445', '0.433328', 0, '0.457534', '-0.289774', '0.235573', '0.358770', '-0.347651', 0, '-0.337820', '0.545830', '-0.257877', '0.228193', '0.350216', 0, '-0.632290', '0.371309', '-0.333765', '-0.280026', '0.369154'], ['-0.369274', 0, '0.724676', '0.306534', '0.337964', '0.326165', 0, '-0.502437', '0.379926', '0.619192', '-0.412740', '0.247837', 0, '0.460330', '-0.664374', '-0.648425', '0.254388', '-0.698589', 0, '0.284543', '-0.215786', '0.451835', 0, '0.310291', 0, '0.447083', '0.292505', '-0.364775', '0.325489', '0.398445', 0, '-0.775687', '0.352455', '-0.371337', '-0.232037', '0.561200'], ['-0.291542', 0, '0.281734', '-0.265871', '0.391452', '-0.447241', 0, '-0.359378', '0.341036', 0, '-0.512153', '0.400105', '-0.193073', '1.157059', '-0.422670', '0.395196', '-0.243569', '-0.357291', 0, '-0.338181', '0.271861', '-0.289656', '-0.265973', '-1.037569', 0, '0.249448', '-0.346452', '0.219616', '-0.241716', '-0.265759', 0, '-0.259563', '-0.229934', '-0.293871', '-0.376416', '0.231814'], ['-0.429927', 0, '0.329085', '0.277465', 0, '0.365930', 0, '0.406586', '0.271369', '0.290079', '-0.329393', '-0.439913', 0, '-0.345602', '0.489244', '0.483437', '0.659678', '0.621885', 0, '-0.342485', '0.280206', '-0.340323', '-0.328964', '0.386027', 0, '0.401767', '-0.265340', '-0.308472', '0.288310', '0.373824', 0, '-0.548717', '-0.421708', '-0.373092', '0.332991', '0.617457'], ['0.439854', 0, '-0.691859', '-0.292270', 0, '0.268540', 0, '-0.267162', '0.269633', '0.550352', '0.318131', '0.213866', 0, '-0.201209', '0.380999', '0.295271', '0.543158', '0.371735', 0, '0.334632', '-0.526059', '-0.275591', 0, '-0.303497', 0, '0.984129', '0.296496', 0, '0.447377', '-0.639752', 0, '-0.279850', '-0.281862', '0.201590', '0.572689', '-0.326513'], ['0.509119', 0, '-0.362948', '0.399968', 0, '-0.500486', 0, '0.374489', 0, 0, '0.636889', '-0.494801', 0, 0, 0, 0, '0.378072', 0, 0, '0.346136', 0, '0.355822', 0, 0, 0, 0, '0.646646', '0.340426', 0, '-0.607880', 0, '-0.350068', 0, 0, 0, '0.408904'], [0, 0, 0, 0, 0, 0, 0, 0, 0, 0, 0, 0, 0, 0, 0, 0, 0, 0, 0, 0, 0, 0, 0, 0, 0, 0, 0, 0, 0, 0, 0, 0, 0, 0, 0, 0], [0, 0, 0, 0, 0, 0, 0, 0, 0, 0, 0, 0, 0, 0, 0, 0, 0, 0, 0, 0, 0, 0, 0, 0, 0, 0, 0, 0, 0, 0, 0, 0, 0, 0, 0, 0], [0, 0, 0, 0, 0, 0, 0, 0, 0, 0, 0, 0, 0, 0, 0, 0, 0, 0, 0, 0, 0, 0, 0, 0, 0, 0, 0, 0, 0, 0, 0, 0, 0, 0, 0, 0]]
transitiondensitymatrixnodiagonal
[[4e-05, 6e-05, 0.00062, 0.00249, -0.005, -0.00051, -0.00206, 0.00862, -0.00446, 0.00308, -0.0131, -0.00632, 0.00187, -0.00798, -0.0082, -0.00054, 0.00959, -6e-05, -0.00791, 0.03614, -0.006, 0.00046, -0.04456, -0.00775, 0.00253, -0.01041, 0.00704, 0.01825, -0.00014, -0.00707, -0.00177, 0.00714, 0.00484, -0.01453, -0.00363, -0.00645], [-0.00042, -3e-05, 3e-05, 0.00035, 3e-05, -0.0006, -8e-05, 0.00028, -0.00034, 0.0001, -0.00015, 0.00023, 5e-05, -0.00023, 1e-05, 9e-05, 0.0001, -0.00016, -0.00016, 0.00065, -8e-05, -0.00012, -0.00047, -0.00014, 7e-05, -0.00027, -0.00011, -1e-05, 0.00019, -0.00029, -0.00024, 0.00075, -0.00022, -0.00023, 0.00032, 2e-05], [0.00282, 0.0002, -0.00019, -0.00193, -0.00047, 0.0039, 0.0003, -0.00097, 0.00155, -0.00037, -0.00028, -0.00196, -0.00019, 0.00074, -0.00075, -0.00069, 0.00033, 0.00103, 0.00025, -0.00064, 1e-05, 0.00075, -0.00099, 8e-05, -0.00022, 0.00086, 0.00115, 0.00167, -0.00105, 0.00102, 0.00129, -0.00392, 0.00199, 9e-05, -0.00239, -0.0006], [0.0012, 0.0001, -0.00016, -0.00151, -0.00134, 0.00228, -0.0003, 0.00054, 0.0026, -0.00335, 0.00337, 0.0017, -0.0003, 0.00143, 0.00204, 0.0019, -0.00187, -0.00159, 0.00162, -0.00701, -0.00077, 0.00387, 0.00565, 0.00204, -0.00023, 0.00112, -9e-05, 0.00358, -0.00297, 0.00265, 0.0012, -0.00402, -0.00143, 0.00498, -0.00319, -0.00025], [0.00194, 3e-05, 5e-05, -0.00164, 0.00619, 9e-05, -7e-05, 0.00066, -0.00552, 0.00846, -0.00602, -0.00228, -0.00026, 0.00038, 0.00149, -0.00189, 0.0026, 0.00051, -0.00217, 0.00936, -0.00163, -0.00866, -0.00445, -0.00441, 0.00015, -0.00077, 0.00358, -0.00897, 0.00703, -0.00168, -0.00015, 0.00088, 0.00484, -0.00849, 0.00324, -0.00045], [0.00078, -0.00054, 0.00143, 0.00301, -0.00147, 0.00044, 9e-05, -0.0002, -0.00015, -0.00328, 0.00076, 0.00096, 0.00035, -0.00121, -0.00194, 0.00063, 0.0002, -0.00014, -0.00018, 0.00092, 1e-05, 0.00342, -0.00369, 0.00082, 0.00019, -0.00084, -0.00113, 0.0058, -0.00219, -0.00076, -0.00078, 0.00225, -0.00255, 0.00127, -0.0011, -0.00111], [-0.00039, 0.0, -8e-05, -0.00035, -0.00018, -8e-05, 0.00051, -0.00183, 0.00134, -0.00063, 0.00239, 0.0006, -0.00018, 0.00091, 0.00095, -0.00018, -0.00223, 0.00026, 0.00099, -0.00455, 9e-05, 0.00027, 0.00523, 0.00125, -0.00024, 0.00101, -0.00068, -0.00135, 0.00018, 0.00083, 0.00014, -0.00065, -0.00083, 0.00166, -5e-05, 0.00053], [0.00223, -1e-05, 0.00034, 0.00174, 0.00165, 0.00039, -0.00289, 0.01023, -0.00771, 0.00363, -0.01285, -0.00271, 0.00088, -0.00456, -0.00447, 0.00116, 0.01211, -0.00174, -0.00517, 0.02372, -0.00046, -0.00181, -0.02685, -0.00681, 0.00121, -0.00517, 0.00363, 0.00635, -0.00064, -0.00425, -0.00072, 0.00323, 0.0044, -0.00875, 0.00046, -0.00279], [0.00605, -0.00084, 0.00451, 0.00641, -0.00799, 0.00387, -0.00334, 0.01551, -0.01095, 0.0077, -0.02966, -0.01567, 0.004, -0.01676, -0.01839, -0.00252, 0.02042, 0.00108, -0.01779, 0.08157, -0.01521, 0.00022, -0.10113, -0.01781, 0.00577, -0.02338, 0.01845, 0.04139, -0.00021, -0.01437, -0.0035, 0.01445, 0.01183, -0.03293, -0.0085, -0.01536], [-0.01383, 0.00151, -0.0093, -0.01599, 0.01902, -0.00895, 0.00927, -0.04101, 0.02984, -0.01842, 0.07291, 0.03604, -0.00993, 0.04224, 0.04864, 0.00679, -0.05345, -0.00403, 0.0434, -0.19908, 0.03201, -8e-05, 0.24717, 0.04334, -0.01341, 0.05487, -0.04196, -0.09806, 0.00157, 0.03639, 0.00831, -0.03474, -0.0291, 0.08079, 0.01924, 0.03704], [-0.00115, -0.00044, 0.00151, 0.00026, -0.00109, -0.0008, 0.00063, -0.00178, -0.00072, 0.00084, 0.00605, 0.00317, 0.00078, -0.0023, -0.00228, -0.00205, -0.0061, 0.002, -0.00067, 0.00279, -0.00305, -4e-05, -0.00409, 0.00121, 0.00042, -0.00149, 0.00163, 0.00294, 0.0009, -0.00026, -0.00064, 0.00224, -0.00157, -0.00156, -0.00086, -0.00187], [-0.00039, 0.00026, -0.00109, -0.0019, 0.00069, 0.00028, 0.00164, -0.00603, 0.00547, -0.00194, 0.00476, -0.00011, -0.00134, 0.0055, 0.00696, 0.0008, -0.00536, -0.00101, 0.00387, -0.01785, 8e-05, 0.00014, 0.02222, 0.0032, -0.00088, 0.00384, -0.00197, -0.00706, 0.00134, 0.00369, 0.00094, -0.00381, -0.00166, 0.00647, 0.00015, 0.00292], [0.00062, -2e-05, 0.00025, 0.00065, -0.00098, 0.00054, -0.0005, 0.00193, -0.00085, 0.00027, -0.00347, -0.00183, 0.00025, -0.00127, -0.00296, 0.00065, 0.0031, -2e-05, -0.00129, 0.00632, 0.00035, 0.00071, -0.00888, -0.00062, 0.00031, -0.00136, 0.00072, 0.00348, -0.00104, -0.00134, -0.00015, 0.00077, 0.00114, -0.00235, -0.00053, -0.00099], [-0.00303, 7e-05, -0.00096, -0.00309, 0.00473, -0.00272, 0.00247, -0.00922, 0.00372, -0.00087, 0.01699, 0.00904, -0.00091, 0.00527, 0.01503, -0.0043, -0.01552, 0.00042, 0.00552, -0.02757, -0.00348, -0.00392, 0.04017, 0.00142, -0.00114, 0.00534, -0.00235, -0.01537, 0.00576, 0.00609, 0.00055, -0.00301, -0.00543, 0.0102, 0.00202, 0.00402], [-0.00334, 0.00061, -0.00305, -0.00403, 0.00747, -0.00248, 0.00299, -0.01224, 0.00429, -0.00108, 0.02074, 0.01187, -0.00351, 0.01329, 0.01758, 0.00368, -0.02036, -0.00398, 0.00942, -0.04579, -0.00031, -0.00366, 0.06328, 0.01165, -0.00257, 0.01106, -0.00594, -0.02655, 0.00687, 0.00943, 0.00153, -0.00685, -0.00659, 0.01597, 0.00476, 0.00768], [0.00202, -0.00013, 0.00091, 0.00366, -0.00464, 0.0021, -0.00061, 0.00289, 0.00028, -0.00485, -0.00494, -0.00264, 0.00077, -0.00253, -0.00119, -0.00206, 0.00426, 0.0006, -0.00284, 0.01314, -0.00669, 0.00429, -0.02161, -0.00551, 0.00186, -0.00694, 0.00539, 0.01724, -0.00218, -0.00151, -0.00086, 0.00325, -0.0002, -0.00367, -0.00534, -0.00469], [-0.00112, -0.00068, 0.00237, 0.00087, -0.00563, 0.00037, 0.00098, -0.00279, 0.00284, -0.0015, 0.00492, -0.00051, 0.0012, -0.00388, -0.01048, 2e-05, -0.00391, 0.00327, -0.00034, 0.00258, 0.00268, 0.00469, -0.0096, 0.00586, -0.00013, 0.00018, -0.00193, 0.00746, -0.00422, -0.00156, -0.00044, 0.0016, -0.0017, -0.00024, -0.00176, -0.00153], [-0.00645, 0.0014, -0.00707, -0.00955, 0.01456, -0.00431, 0.00562, -0.02507, 0.01672, -0.01098, 0.04041, 0.02071, -0.00738, 0.03001, 0.03425, 0.00372, -0.03045, -0.00295, 0.02652, -0.1219, 0.01674, -0.00199, 0.15352, 0.02383, -0.00806, 0.03309, -0.02379, -0.06105, 0.00419, 0.02252, 0.00515, -0.02158, -0.01683, 0.04804, 0.0108, 0.02211], [-0.00102, 0.00021, -0.00107, -0.00161, 0.00237, -0.00073, 0.00074, -0.00326, 0.00174, -0.00057, 0.00548, 0.00292, -0.00077, 0.00325, 0.00448, 0.00033, -0.00393, -0.00044, 0.00314, -0.0154, 0.00318, -0.00114, 0.02104, 0.00291, -0.00125, 0.00493, -0.00393, -0.01004, 0.001, 0.00248, 0.00071, -0.0029, -0.00172, 0.00585, 0.00223, 0.00337], [0.00496, -0.00114, 0.00558, 0.00827, -0.01198, 0.00335, -0.00361, 0.01594, -0.00829, 0.00236, -0.0268, -0.0143, 0.00363, -0.01539, -0.02175, -0.00156, 0.01864, 0.00216, -0.01508, 0.07539, -0.01724, 0.0061, -0.10458, -0.01419, 0.00648, -0.02516, 0.02079, 0.05117, -0.00513, -0.01145, -0.00354, 0.01452, 0.00784, -0.02857, -0.01151, -0.01725], [0.00279, -0.00053, 0.00281, 0.00632, -0.00487, 0.00102, -0.00165, 0.00809, -0.00727, 0.00202, -0.01204, -0.00355, 0.00081, -0.00472, 0.00055, 0.00011, 0.0013, -0.00381, -0.00958, 0.04676, -0.02806, 0.00036, -0.06067, -0.01143, 0.00638, -0.02294, 0.02374, 0.03396, 0.00469, -0.00312, -0.00299, 0.01149, 0.00362, -0.01982, -0.00866, -0.01342], [-0.02239, 0.00419, -0.02176, -0.03916, 0.05893, -0.01894, 0.01756, -0.0775, 0.04237, -0.01137, 0.12275, 0.06338, -0.02123, 0.08678, 0.10591, 0.00309, -0.09389, -0.00387, 0.07835, -0.36088, 0.05946, -0.02546, 0.47935, 0.06582, -0.02696, 0.10847, -0.07759, -0.21822, 0.0248, 0.06386, 0.01583, -0.06591, -0.04422, 0.13706, 0.04288, 0.07201], [-0.0044, 0.0001, -0.00151, -0.00253, 0.00173, -0.00268, 0.00205, -0.00984, 0.01011, -0.00817, 0.0185, 0.00845, -0.00264, 0.01151, 0.00854, 0.00322, -0.01214, -0.00053, 0.01386, -0.05863, 0.01004, 0.00291, 0.06235, 0.01433, -0.00328, 0.01411, -0.00925, -0.02259, -0.00348, 0.01206, 0.00218, -0.00921, -0.00851, 0.02345, 0.00561, 0.01012], [0.00662, -0.00129, 0.00678, 0.01045, -0.01569, 0.00524, -0.00506, 0.02287, -0.01629, 0.01021, -0.03805, -0.01967, 0.00586, -0.02576, -0.03622, 0.00264, 0.02553, 9e-05, -0.02544, 0.11718, -0.01849, 0.0044, -0.15043, -0.01555, 0.00806, -0.03277, 0.02452, 0.06202, -0.00409, -0.0212, -0.00508, 0.02121, 0.01597, -0.04728, -0.01132, -0.02243], [0.00035, -1e-05, 0.00016, 0.00058, -0.00105, 0.00033, -0.00017, 0.00084, -0.00058, 1e-05, -0.00124, -0.00054, 9e-05, -0.00053, -0.00053, 3e-05, 0.00016, -0.00019, -0.00084, 0.0048, -0.00311, 0.00038, -0.00716, -0.00095, 0.00064, -0.00241, 0.00231, 0.00467, 0.0012, -0.00098, -0.00054, 0.00182, 0.00045, -0.00273, -0.00183, -0.0017], [-0.00192, -3e-05, -0.0005, -0.00272, 0.00517, -0.0018, 0.00077, -0.00386, 0.00301, -0.00011, 0.00558, 0.00216, -0.00014, 0.00151, 0.00087, -0.00016, 0.00076, 0.00137, 0.00377, -0.02324, 0.01866, -0.00158, 0.03547, 0.00495, -0.00346, 0.01299, -0.01324, -0.02489, -0.0085, 0.00491, 0.00309, -0.01007, -0.00203, 0.01486, 0.01081, 0.00948], [0.00182, -0.00072, 0.00325, 0.00442, -0.00308, -0.00026, -0.0014, 0.00666, -0.00579, 0.00301, -0.01116, -0.00444, 0.001, -0.00494, -0.00399, -0.00143, 0.0038, -0.00029, -0.00744, 0.03823, -0.01681, 0.00028, -0.04955, -0.00889, 0.00383, -0.01433, 0.01664, 0.02497, 0.00068, -0.00192, -0.00206, 0.00809, 0.00211, -0.01528, -0.00588, -0.01078], [-0.00539, -0.00029, -0.00025, 0.00044, -0.00078, -0.00317, 0.00234, -0.01066, 0.01139, -0.01124, 0.02124, 0.01009, -0.00243, 0.01097, 0.00869, 0.00592, -0.01508, -0.00298, 0.01384, -0.0612, 0.00803, 0.00494, 0.06179, 0.01712, -0.00186, 0.01026, -0.00678, -0.02139, -0.0077, 0.01486, 0.00283, -0.01057, -0.01009, 0.02652, 0.00902, 0.01045], [0.00355, -0.00037, 0.00214, 0.00255, -0.00036, 0.00147, -0.0015, 0.00679, -0.00514, 0.00293, -0.01361, -0.00629, 0.00071, -0.00394, -0.00294, -0.0022, 0.00812, 0.00044, -0.00773, 0.03595, -0.01058, 0.00058, -0.04186, -0.01024, 0.00375, -0.01348, 0.00988, 0.02005, -0.00233, -0.00431, -0.00051, 0.00366, 0.00337, -0.00983, -0.00417, -0.00714], [-0.0013, 0.00054, -0.00247, -0.00283, 0.0022, -4e-05, 0.00142, -0.00642, 0.00542, -0.00417, 0.0105, 0.00474, -0.00184, 0.00758, 0.00742, 0.00134, -0.00702, -0.00049, 0.00744, -0.03352, 0.00523, 0.00109, 0.0396, 0.00703, -0.00167, 0.00728, -0.00874, -0.01341, 0.00205, 0.00281, 0.00114, -0.00503, -0.00402, 0.01265, 0.001, 0.00614], [-0.00031, 0.0001, -0.00046, -0.00123, 0.00145, -0.00016, 0.00042, -0.00199, 0.00168, -0.00078, 0.00305, 0.00134, -0.00059, 0.00246, 0.00264, 0.0003, -0.00196, -0.00013, 0.0023, -0.01071, 0.00235, -9e-05, 0.01342, 0.00199, -0.00073, 0.00312, -0.00232, -0.00586, -0.00067, 0.0023, 0.00101, -0.00346, -0.00157, 0.00459, 0.00121, 0.00166], [0.00124, -0.00048, 0.00204, 0.0062, -0.00704, 0.00045, -0.00204, 0.00973, -0.009, 0.00456, -0.01498, -0.00636, 0.00297, -0.01241, -0.01308, -0.00175, 0.00937, 0.00074, -0.01156, 0.05407, -0.012, -0.00037, -0.06682, -0.01007, 0.00346, -0.01523, 0.0114, 0.02859, 0.00513, -0.0123, -0.00571, 0.01919, 0.00839, -0.02404, -0.00601, -0.00776], [-0.0059, 0.00134, -0.00643, -0.01147, 0.01371, -0.00317, 0.00454, -0.02026, 0.01331, -0.00385, 0.03383, 0.01637, -0.00567, 0.02346, 0.02726, 0.00253, -0.02546, -0.00201, 0.02181, -0.10031, 0.01686, -0.00663, 0.12938, 0.01998, -0.00706, 0.02879, -0.01888, -0.06022, 0.00452, 0.01923, 0.00443, -0.01824, -0.00742, 0.0392, 0.01353, 0.02385], [0.0124, -0.00187, 0.01018, 0.01706, -0.02384, 0.00931, -0.00891, 0.03938, -0.02336, 0.00924, -0.06382, -0.03219, 0.00992, -0.04143, -0.04755, -0.00477, 0.04778, 0.00308, -0.0411, 0.18819, -0.03139, 0.01025, -0.23817, -0.03832, 0.01349, -0.05452, 0.03831, 0.10762, -0.01214, -0.03245, -0.00787, 0.03294, 0.02379, -0.06615, -0.02193, -0.03406], [-0.01447, 0.00124, -0.00858, -0.01439, 0.02499, -0.01209, 0.00898, -0.03973, 0.02476, -0.01205, 0.06483, 0.03309, -0.01004, 0.04207, 0.04766, 0.00486, -0.04716, -0.00276, 0.0416, -0.19218, 0.03606, -0.00812, 0.24414, 0.03946, -0.01277, 0.05328, -0.04044, -0.11139, 0.00157, 0.03651, 0.00834, -0.03383, -0.02511, 0.0781, 0.02968, 0.04081], [-0.00073, 0.00028, -0.00121, -0.00291, 0.00346, -0.00084, 0.00126, -0.00584, 0.00406, -0.00226, 0.00786, 0.00357, -0.00135, 0.00572, 0.00601, 0.00051, -0.00464, 0.00013, 0.0062, -0.0289, 0.0069, 0.00021, 0.0355, 0.00521, -0.00246, 0.00976, -0.00841, -0.01432, 0.00098, 0.00385, 0.00287, -0.00994, -0.00748, 0.00836, 0.00051, -0.00025]]
excitedstatedensitymatrix
[[0.58106, -0.11468, 0.29182, 0.07115, 0.1963, 0.50228, 0.02803, -0.09315, -0.07422, -0.04843, -0.08552, -0.0726, -0.01955, 0.07891, 0.03578, 0.02493, 0.10267, -0.02822, 8e-05, -0.00055, -0.00674, 0.03391, 0.02022, -0.03033, -0.01581, 0.05924, -0.01026, 0.07597, 0.05406, -0.03461, 0.02845, -0.11066, 0.07342, -0.04273, -0.09202, -0.06236], [-0.11468, 2.06658, -0.20295, 0.0012, -0.00451, -0.00479, 0.02736, -0.07001, -0.09866, -0.06115, -0.02955, 0.02903, -0.00445, 0.01609, 0.01278, 0.01117, 0.01888, -0.0156, -0.00259, 0.00775, 0.0006, 0.0019, 0.01841, -0.00274, -0.0044, 0.01329, -0.01072, 0.00439, 0.02022, -0.01686, 0.02294, -0.0609, 0.0877, 0.00202, -0.06487, 0.02838], [0.29182, -0.20295, 0.82311, 0.01083, 0.02907, 0.02176, -0.0704, 0.08545, 0.23621, 0.15767, 0.06486, -0.10026, 0.0144, -0.04508, -0.05459, -0.04549, -0.06124, 0.06117, 0.00717, -0.01834, -0.00473, -0.00554, -0.07736, 0.00875, 0.01408, -0.03508, 0.04803, -0.00514, -0.07604, 0.06632, -0.06067, 0.08706, -0.24021, -0.00698, 0.16064, -0.11291], [0.07115, 0.0012, 0.01083, 0.62884, -0.06592, 0.03134, 0.0987, -0.23415, -0.19, -0.4266, -0.07001, 0.10611, -0.01183, 0.04629, 0.02773, 0.05052, 0.05301, -0.08404, -0.00485, 0.02216, -0.04094, 0.06485, -0.05051, 0.02302, 0.01368, -0.0468, 0.03097, 0.01565, -0.06223, 0.06541, -0.08042, 0.20435, -0.22166, -0.10362, 0.27897, -0.11293], [0.1963, -0.00451, 0.02907, -0.06592, 0.76451, -0.051, 0.05888, -0.14459, -0.45751, 0.40234, -0.1709, 0.06486, -0.00971, 0.03847, 0.06067, -0.02519, 0.04064, 0.03435, 0.00253, -0.01203, -0.03695, -0.11724, 0.10037, -0.12374, -0.00646, 0.0322, 0.02802, -0.0493, 0.04655, 0.03148, -0.01028, 0.03287, -0.16206, 0.23209, -0.09667, -0.05523], [0.50228, -0.00479, 0.02176, 0.03134, -0.051, 0.63342, 0.0333, -0.08483, -0.01226, -0.2124, 0.03349, -0.03038, -0.01514, 0.06522, 0.00404, 0.03165, 0.05701, -0.04001, -0.00721, 0.0224, 0.02233, 0.06185, 0.02997, 0.03342, -0.01907, 0.07018, -0.03754, 0.06168, 0.05313, -0.07101, 0.07425, -0.2089, 0.30477, -0.09245, -0.12053, 0.04924], [0.02803, 0.02736, -0.0704, 0.0987, 0.05888, 0.0333, 2.06841, -0.21639, 0.00949, -0.00289, 0.00328, -0.11408, 0.01835, -0.0464, -0.016, -0.02703, -0.10311, 0.02178, 0.00182, -0.01537, -0.00565, 0.0034, 0.03445, 0.02433, -0.00478, 0.01744, -0.01209, -0.00228, 0.00729, 0.00119, -0.00427, 0.01333, -0.02796, 0.00399, 0.00309, -0.01635], [-0.09315, -0.07001, 0.08545, -0.23415, -0.14459, -0.08483, -0.21639, 0.88087, -0.05856, 0.00293, -0.03518, 0.28489, -0.04521, 0.04783, 0.05183, 0.07773, 0.29902, -0.09114, -0.01489, 0.09729, 0.01448, -0.01678, -0.15307, -0.10467, 0.01837, -0.06784, 0.05067, 0.01229, -0.0258, -0.0085, 0.01262, -0.02897, 0.112, -0.0216, -0.00043, 0.05979], [-0.07422, -0.09866, 0.23621, -0.19, -0.45751, -0.01226, 0.00949, -0.05856, 0.67013, -0.07268, 0.04354, -0.37601, -8e-05, 0.02, 0.05793, -0.05284, -0.08188, 0.05032, 0.03228, -0.15148, 0.02273, 0.10549, 0.10787, 0.03807, 0.00594, -0.01951, -0.02965, 0.06644, -0.11089, 0.03553, 0.02627, -0.10623, 0.06775, 0.05088, -0.01398, 0.09404], [-0.04843, -0.06115, 0.15767, -0.4266, 0.40234, -0.2124, -0.00289, 0.00293, -0.07268, 0.70421, -0.06234, -0.13609, 0.04037, -0.13096, -0.12041, 0.04235, -0.1206, 0.02618, -0.034, 0.15523, 0.01046, -0.21651, -0.1156, 0.02711, -0.00121, 0.00455, 0.04889, -0.19781, 0.14559, -0.05796, -0.00134, 0.01624, 0.04236, -0.01604, -0.0633, 0.01369], [-0.08552, -0.02955, 0.06486, -0.07001, -0.1709, 0.03349, 0.00328, -0.03518, 0.04354, -0.06234, 0.64887, 0.36844, 0.08719, -0.2255, -0.06052, -0.12641, -0.45708, 0.07687, 0.0119, -0.08493, -0.02898, 0.03488, 0.18096, 0.11733, -0.01165, 0.04635, -0.06319, -0.01203, -0.02507, 0.0172, -0.00162, 0.01019, -0.03902, 0.07433, -0.00041, 0.03386], [-0.0726, 0.02903, -0.10026, 0.10611, 0.06486, -0.03038, -0.11408, 0.28489, -0.37601, -0.13609, 0.36844, 0.58587, 0.02303, -0.08149, 0.04239, -0.00383, -0.13604, -0.05458, -0.00276, -0.00182, -0.06827, -0.00238, 0.10021, 0.00616, -0.00257, 0.01001, -0.00192, -0.01799, 0.01289, 0.03246, -0.01802, 0.06981, -0.10995, 0.04063, 0.03927, -0.04222], [-0.01955, -0.00445, 0.0144, -0.01183, -0.00971, -0.01514, 0.01835, -0.04521, -8e-05, 0.04037, 0.08719, 0.02303, 2.06402, -0.21133, -0.01191, -0.00075, 0.00208, -0.0948, 0.0122, -0.0153, 0.0701, -0.00071, -0.07769, -0.09779, -0.00404, 0.01353, -0.02055, -0.00083, -0.00632, -0.02091, -0.00486, 0.01864, -0.00346, -0.01826, 0.00456, -0.00453], [0.07891, 0.01609, -0.04508, 0.04629, 0.03847, 0.06522, -0.0464, 0.04783, 0.02, -0.13096, -0.2255, -0.08149, -0.21133, 0.89671, 0.06834, 0.00672, -0.01222, 0.20833, -0.02107, -0.07283, -0.2013, 0.00771, 0.25907, 0.22471, 0.01489, -0.04022, 0.08439, 0.00552, 0.02147, 0.08828, 0.01845, -0.07126, 0.00995, 0.07725, -0.0203, 0.01602], [0.03578, 0.01278, -0.05459, 0.02773, 0.06067, 0.00404, -0.016, 0.05183, 0.05793, -0.12041, -0.06052, 0.04239, -0.01191, 0.06834, 0.71151, 0.00954, -0.01481, -0.27226, -0.06541, 0.14411, -0.33635, -0.03154, 0.34708, -0.35127, 0.02564, -0.09918, 0.11495, 0.01077, 0.05218, 0.11865, 0.0154, -0.06358, -0.02117, 0.10891, -0.02148, 0.01001], [0.02493, 0.01117, -0.04549, 0.05052, -0.02519, 0.03165, -0.02703, 0.07773, -0.05284, 0.04235, -0.12641, -0.00383, -0.00075, 0.00672, 0.00954, 0.64641, -0.01711, -0.51457, 0.00551, -0.02673, -0.01489, 0.13159, 0.025, 0.37499, 0.00037, -0.00159, -0.00108, -0.01368, -4e-05, 0.00976, 0.00665, -0.02697, 0.03586, -0.03739, 0.03994, 0.01141], [0.10267, 0.01888, -0.06124, 0.05301, 0.04064, 0.05701, -0.10311, 0.29902, -0.08188, -0.1206, -0.45708, -0.13604, 0.00208, -0.01222, -0.01481, -0.01711, 0.61027, -0.01589, 0.0493, -0.10024, 0.22206, 0.00734, -0.14389, -0.24519, -0.01022, 0.03271, -0.05736, 0.0172, -0.02007, -0.06614, 0.0075, -0.02908, 0.06839, -0.04484, -0.01563, 0.00879], [-0.02822, -0.0156, 0.06117, -0.08404, 0.03435, -0.04001, 0.02178, -0.09114, 0.05032, 0.02618, 0.07687, -0.05458, -0.0948, 0.20833, -0.27226, -0.51457, -0.01589, 0.58336, 0.01716, -0.07274, 0.09471, -0.0789, -0.05315, -0.08388, -0.00914, 0.03776, -0.04533, 0.02108, -0.0228, -0.03577, -0.0064, 0.02444, -0.04273, 0.04946, -0.05685, -0.00668], [8e-05, -0.00259, 0.00717, -0.00485, 0.00253, -0.00721, 0.00182, -0.01489, 0.03228, -0.034, 0.0119, -0.00276, 0.0122, -0.02107, -0.06541, 0.00551, 0.0493, 0.01716, 2.09854, -0.37885, 0.01821, 0.01317, 0.12992, 0.04336, 0.0185, -0.0365, 0.07633, 0.00226, 0.05792, 0.0443, -0.00118, -0.00246, -0.03648, 0.03834, -0.02932, -0.00489], [-0.00055, 0.00775, -0.01834, 0.02216, -0.01203, 0.0224, -0.01537, 0.09729, -0.15148, 0.15523, -0.08493, -0.00182, -0.0153, -0.07283, 0.14411, -0.02673, -0.10024, -0.07274, -0.37885, 1.61939, -0.10217, -0.06813, -0.6172, -0.20163, -0.03033, -0.06324, -0.13421, 0.05682, -0.14584, -0.18678, -0.00309, 0.04858, 0.17131, -0.2032, 0.1126, 0.00384], [-0.00674, 0.0006, -0.00473, -0.04094, -0.03695, 0.02233, -0.00565, 0.01448, 0.02273, 0.01046, -0.02898, -0.06827, 0.0701, -0.2013, -0.33635, -0.01489, 0.22206, 0.09471, 0.01821, -0.10217, 0.51803, 0.04664, 0.07871, 0.08151, -0.10213, 0.2908, -0.34313, -0.20743, -0.14397, -0.10574, 0.01625, -0.05838, 0.02873, 0.0372, 0.06897, 0.09193], [0.03391, 0.0019, -0.00554, 0.06485, -0.11724, 0.06185, 0.0034, -0.01678, 0.10549, -0.21651, 0.03488, -0.00238, -0.00071, 0.00771, -0.03154, 0.13159, 0.00734, -0.0789, 0.01317, -0.06813, 0.04664, 0.27728, 0.01053, 0.11167, -0.0172, 0.03316, -0.13934, 0.33516, -0.19344, -0.00902, 0.00242, -0.01818, -0.11665, 0.1997, -0.14732, -0.01744], [0.02022, 0.01841, -0.07736, -0.05051, 0.10037, 0.02997, 0.03445, -0.15307, 0.10787, -0.1156, 0.18096, 0.10021, -0.07769, 0.25907, 0.34708, 0.025, -0.14389, -0.05315, 0.12992, -0.6172, 0.07871, 0.01053, 1.03213, 0.07786, -0.07445, 0.24482, -0.2425, -0.33409, 0.08712, 0.06605, 0.03007, -0.13578, -0.10944, 0.26425, -0.01308, 0.1079], [-0.03033, -0.00274, 0.00875, 0.02302, -0.12374, 0.03342, 0.02433, -0.10467, 0.03807, 0.02711, 0.11733, 0.00616, -0.09779, 0.22471, -0.35127, 0.37499, -0.24519, -0.08388, 0.04336, -0.20163, 0.08151, 0.11167, 0.07786, 0.59401, -0.01559, 0.0663, -0.06127, -0.06703, -0.02323, -0.00173, 0.00316, -0.01319, 0.00995, -0.02423, 0.05782, 0.0284], [-0.01581, -0.0044, 0.01408, 0.01368, -0.00646, -0.01907, -0.00478, 0.01837, 0.00594, -0.00121, -0.01165, -0.00257, -0.00404, 0.01489, 0.02564, 0.00037, -0.01022, -0.00914, 0.0185, -0.03033, -0.10213, -0.0172, -0.07445, -0.01559, 2.06786, -0.21249, 0.00357, 0.0194, -0.00165, -0.11693, 0.02474, -0.06311, 0.00414, 0.05803, 0.09431, 0.02374], [0.05924, 0.01329, -0.03508, -0.0468, 0.0322, 0.07018, 0.01744, -0.06784, -0.01951, 0.00455, 0.04635, 0.01001, 0.01353, -0.04022, -0.09918, -0.00159, 0.03271, 0.03776, -0.0365, -0.06324, 0.2908, 0.03316, 0.24482, 0.0663, -0.21249, 0.86837, -0.01547, -0.0885, -0.00287, 0.29963, -0.06164, 0.06769, -0.02218, -0.1357, -0.22649, -0.08013], [-0.01026, -0.01072, 0.04803, 0.03097, 0.02802, -0.03754, -0.01209, 0.05067, -0.02965, 0.04889, -0.06319, -0.00192, -0.02055, 0.08439, 0.11495, -0.00108, -0.05736, -0.04533, 0.07633, -0.13421, -0.34313, -0.13934, -0.2425, -0.06127, 0.00357, -0.01547, 0.65276, 0.02024, -0.00942, 0.45954, 0.00134, -0.00432, 0.07646, -0.10192, 0.0533, -0.06835], [0.07597, 0.00439, -0.00514, 0.01565, -0.0493, 0.06168, -0.00228, 0.01229, 0.06644, -0.19781, -0.01203, -0.01799, -0.00083, 0.00552, 0.01077, -0.01368, 0.0172, 0.02108, 0.00226, 0.05682, -0.20743, 0.33516, -0.33409, -0.06703, 0.0194, -0.0885, 0.02024, 0.79403, -0.0967, -0.04571, -0.06347, 0.16687, -0.14363, 0.19506, -0.43955, -0.10238], [0.05406, 0.02022, -0.07604, -0.06223, 0.04655, 0.05313, 0.00729, -0.0258, -0.11089, 0.14559, -0.02507, 0.01289, -0.00632, 0.02147, 0.05218, -4e-05, -0.02007, -0.0228, 0.05792, -0.14584, -0.14397, -0.19344, 0.08712, -0.02323, -0.00165, -0.00287, -0.00942, -0.0967, 0.61347, -0.27104, -0.09695, 0.25263, 0.10836, -0.42762, -0.17457, -0.07188], [-0.03461, -0.01686, 0.06632, 0.06541, 0.03148, -0.07101, 0.00119, -0.0085, 0.03553, -0.05796, 0.0172, 0.03246, -0.02091, 0.08828, 0.11865, 0.00976, -0.06614, -0.03577, 0.0443, -0.18678, -0.10574, -0.00902, 0.06605, -0.00173, -0.11693, 0.29963, 0.45954, -0.04571, -0.27104, 0.59797, 0.03113, -0.11932, -0.08353, 0.11095, 0.07258, -0.06741], [0.02845, 0.02294, -0.06067, -0.08042, -0.01028, 0.07425, -0.00427, 0.01262, 0.02627, -0.00134, -0.00162, -0.01802, -0.00486, 0.01845, 0.0154, 0.00665, 0.0075, -0.0064, -0.00118, -0.00309, 0.01625, 0.00242, 0.03007, 0.00316, 0.02474, -0.06164, 0.00134, -0.06347, -0.09695, 0.03113, 2.06834, -0.2163, -0.00753, 0.00528, -0.002, -0.11129], [-0.11066, -0.0609, 0.08706, 0.20435, 0.03287, -0.2089, 0.01333, -0.02897, -0.10623, 0.01624, 0.01019, 0.06981, 0.01864, -0.07126, -0.06358, -0.02697, -0.02908, 0.02444, -0.00246, 0.04858, -0.05838, -0.01818, -0.13578, -0.01319, -0.06311, 0.06769, -0.00432, 0.16687, 0.25263, -0.11932, -0.2163, 0.87845, 0.03186, -0.02156, 0.01555, 0.27733], [0.07342, 0.0877, -0.24021, -0.22166, -0.16206, 0.30477, -0.02796, 0.112, 0.06775, 0.04236, -0.03902, -0.10995, -0.00346, 0.00995, -0.02117, 0.03586, 0.06839, -0.04273, -0.03648, 0.17131, 0.02873, -0.11665, -0.10944, 0.00995, 0.00414, -0.02218, 0.07646, -0.14363, 0.10836, -0.08353, -0.00753, 0.03186, 0.65671, -0.06261, 0.0103, 0.43102], [-0.04273, 0.00202, -0.00698, -0.10362, 0.23209, -0.09245, 0.00399, -0.0216, 0.05088, -0.01604, 0.07433, 0.04063, -0.01826, 0.07725, 0.10891, -0.03739, -0.04484, 0.04946, 0.03834, -0.2032, 0.0372, 0.1997, 0.26425, -0.02423, 0.05803, -0.1357, -0.10192, 0.19506, -0.42762, 0.11095, 0.00528, -0.02156, -0.06261, 0.74899, -0.00403, 0.31366], [-0.09202, -0.06487, 0.16064, 0.27897, -0.09667, -0.12053, 0.00309, -0.00043, -0.01398, -0.0633, -0.00041, 0.03927, 0.00456, -0.0203, -0.02148, 0.03994, -0.01563, -0.05685, -0.02932, 0.1126, 0.06897, -0.14732, -0.01308, 0.05782, 0.09431, -0.22649, 0.0533, -0.43955, -0.17457, 0.07258, -0.002, 0.01555, 0.0103, -0.00403, 0.58686, 0.14071], [-0.06236, 0.02838, -0.11291, -0.11293, -0.05523, 0.04924, -0.01635, 0.05979, 0.09404, 0.01369, 0.03386, -0.04222, -0.00453, 0.01602, 0.01001, 0.01141, 0.00879, -0.00668, -0.00489, 0.00384, 0.09193, -0.01744, 0.1079, 0.0284, 0.02374, -0.08013, -0.06835, -0.10238, -0.07188, -0.06741, -0.11129, 0.27733, 0.43102, 0.31366, 0.14071, 0.58684]]
groundoccupation
[]
excitedoccupation
['19a->22a', 0, 0, 0, 0, 0, 0, 0, 0, 0, 0, 0, 0, 0, 0, 0, 0, 0, 0, 0, 0, 0, 0, 0, 0, 0, 0, 0, 0, 0, 0, 0, 0, 0, 0, 0]